block_seq_num,block_var_num,block_route_num,block_run_num
4845480,1,930,1
4845481,1,930,2
4845482,1,930,3
4845483,1,917,1
4845484,1,914,1
4845485,1,914,2
4845486,1,914,3
4845487,1,910,1
4845488,1,908,1
4845489,1,913,1
4845490,1,913,3
4845491,1,913,4
4845492,1,931,2
4845493,1,931,3
4845494,1,931,4
4845495,1,931,7
4845496,1,931,8
4845497,1,931,1
4845498,1,975,1
4845499,1,975,2
4845500,1,906,1
4845501,1,906,2
4845502,1,629,2
4845503,1,629,1
4845504,1,931,6
4845505,1,931,5
4845506,1,628,1
4845507,1,628,2
4845508,1,628,4
4845509,1,628,5
4845510,1,628,6
4845511,1,630,2
4845512,1,630,3
4845513,1,630,4
4845514,1,630,5
4845515,1,630,6
4845516,1,630,1
4845517,1,631,1
4845518,1,901,1
4845519,1,903,1
4845520,1,903,2
4845521,1,903,3
4845522,1,903,4
4845523,1,903,5
4845524,1,903,6
4845525,1,903,7
4845526,1,903,8
4845527,1,903,9
4845528,1,628,3
4845529,1,915,1
4845530,1,915,2
4845531,1,632,1
4845532,1,973,1
4845533,1,907,1
4845534,1,907,2
4845536,1,913,2
4845537,1,773,1
4845538,1,775,1
4845539,1,930,4
4845540,1,930,5
4845541,1,930,6
4845542,1,635,1
4845543,1,635,2
4845544,1,635,3
4845545,1,635,4
4845546,1,773,2
4845547,1,775,2
4845548,2,973,2
4865418,1,903,1
4865419,1,903,2
4865420,1,773,2
4865421,1,973,1
4865422,1,773,1
4908722,1,914,2
4908723,1,914,1
4908724,1,914,3
4908725,1,917,1
4908726,1,910,1
4908727,1,908,1
4908728,1,915,1
4908729,1,906,1
4908730,1,906,2
4908731,1,903,2
4908732,1,903,1
4908733,1,773,2
4908734,1,973,1
4908735,1,773,1
4917142,1,599,41
4917143,1,599,1
4917144,1,599,6
4917145,1,599,7
4917146,1,599,42
4917147,1,599,9
4917148,1,599,4
4917149,1,599,10
4917150,1,599,44
4917151,1,599,45
4917152,1,599,8
4917153,1,599,46
4917154,1,599,3
4917155,1,599,11
4917156,1,599,12
4917157,1,599,47
4917158,1,599,51
4917159,1,599,54
4917160,1,599,52
4917161,1,599,55
4917162,1,599,56
4917163,1,599,53
4917164,1,599,57
4917165,1,599,2
4917166,1,599,43
4917167,1,599,5
4917168,1,599,1
4917169,1,599,2
4917170,1,599,8
4917171,1,599,4
4917172,1,599,9
4917173,1,599,5
4917174,1,599,10
4917175,1,599,12
4917176,1,599,3
4917177,1,599,11
4917178,1,599,6
4917179,1,599,7
4917180,1,599,7
4917181,1,599,8
4917182,1,599,2
4917183,1,599,4
4917184,1,599,10
4917185,1,599,5
4917186,1,599,6
4917187,1,599,3
4917188,1,599,11
4917189,1,599,12
4917190,1,599,1
4917191,1,599,9
4917192,1,96,2
4917193,1,96,6
4917194,1,96,3
4917195,1,96,4
4917196,1,96,5
4917197,1,96,1
4917198,1,96,1
4917199,1,96,2
4917200,1,96,3
4917201,1,96,1
4917202,1,96,2
4917203,1,96,4
4917204,1,96,3
4917205,1,98,1
4917206,1,98,2
4917207,1,98,3
4917208,1,98,1
4917209,1,98,2
4917210,1,98,1
4917211,1,98,2
4917212,1,98,1
4917213,1,98,2
4917214,1,98,3
4918331,1,40,1
4918332,1,40,3
4918333,1,40,2
4918334,1,40,5
4918335,1,40,4
4918336,1,40,6
4918337,1,40,8
4918338,1,40,7
4918339,1,40,10
4918340,1,40,9
4918341,1,40,12
4918342,1,40,11
4918343,1,675,3
4918344,1,675,4
4918345,1,675,5
4918346,1,675,6
4918347,1,675,8
4918348,1,675,9
4918349,1,675,10
4918350,1,675,11
4918351,1,675,12
4918352,1,675,13
4918353,1,675,14
4918354,1,675,15
4918355,1,675,18
4918356,1,673,2
4918357,1,673,3
4918358,1,673,4
4918359,1,673,5
4918360,1,673,6
4918361,1,673,8
4918362,1,673,12
4918363,1,674,2
4918364,1,674,3
4918365,1,674,8
4918366,1,674,11
4918367,1,674,9
4918368,1,674,10
4918369,1,673,16
4918370,1,673,15
4918371,1,675,16
4918372,1,673,11
4918373,1,673,7
4918374,1,673,9
4918375,1,673,10
4918376,1,40,13
4918377,1,40,14
4918378,1,673,14
4918379,1,5,2
4918380,1,5,3
4918381,1,5,4
4918382,1,5,5
4918383,1,5,6
4918384,1,5,7
4918385,1,5,8
4918386,1,5,9
4918387,1,5,10
4918388,1,5,11
4918389,1,5,12
4918390,1,5,13
4918391,1,5,14
4918392,1,5,16
4918393,1,5,19
4918394,1,5,20
4918395,1,5,21
4918396,1,5,22
4918397,1,60,1
4918398,1,60,2
4918399,1,60,3
4918400,1,60,4
4918401,1,60,5
4918402,1,60,6
4918403,1,71,1
4918404,1,71,2
4918405,1,71,3
4918406,1,106,1
4918407,1,106,2
4918408,1,106,3
4918409,1,106,4
4918410,1,106,5
4918411,1,106,6
4918412,1,106,7
4918413,1,106,8
4918414,1,106,9
4918415,1,106,10
4918416,1,106,11
4918417,1,125,1
4918418,1,125,2
4918419,1,125,3
4918420,1,5,1
4918421,1,673,1
4918422,1,40,15
4918423,1,674,1
4918424,1,674,7
4918425,1,675,1
4918426,1,675,2
4918427,1,674,4
4918428,1,674,5
4918429,1,674,6
4918430,1,674,17
4918431,1,674,16
4918432,1,674,12
4918433,1,674,14
4918434,1,674,13
4918435,1,674,15
4918436,1,675,7
4918437,1,675,17
4918438,1,40,16
4918439,1,673,13
4918440,1,128,1
4918441,1,128,3
4918442,1,128,2
4918443,1,128,5
4918444,1,128,4
4918445,1,128,6
4918446,1,11,1
4918447,1,11,2
4918448,1,11,3
4918449,1,11,4
4918450,1,11,5
4918451,1,11,6
4918452,1,128,12
4918453,1,128,10
4918454,1,128,11
4918455,1,128,8
4918456,1,128,9
4918457,1,128,7
4918458,1,5,15
4918459,1,5,17
4918460,1,5,18
4918461,1,675,3
4918462,1,675,4
4918463,1,675,5
4918464,1,675,6
4918465,1,675,7
4918466,1,675,9
4918467,1,675,10
4918468,1,673,2
4918469,1,673,3
4918470,1,673,4
4918471,1,673,5
4918472,1,673,6
4918473,1,673,8
4918474,1,674,3
4918475,1,674,2
4918476,1,674,4
4918477,1,674,6
4918478,1,674,8
4918479,1,674,9
4918480,1,673,14
4918481,1,673,9
4918482,1,673,7
4918483,1,673,10
4918484,1,673,12
4918485,1,673,11
4918486,1,674,5
4918487,1,5,2
4918488,1,5,3
4918489,1,5,4
4918490,1,5,5
4918491,1,5,6
4918492,1,5,7
4918493,1,5,8
4918494,1,5,9
4918495,1,5,10
4918496,1,5,11
4918497,1,5,12
4918498,1,5,13
4918499,1,5,14
4918500,1,5,15
4918501,1,5,16
4918502,1,5,17
4918503,1,5,18
4918504,1,5,19
4918505,1,5,20
4918506,1,5,23
4918507,1,5,22
4918508,1,5,24
4918509,1,40,1
4918510,1,40,2
4918511,1,40,3
4918512,1,40,4
4918513,1,40,5
4918514,1,40,6
4918515,1,40,7
4918516,1,40,8
4918517,1,40,9
4918518,1,40,10
4918519,1,40,11
4918520,1,40,12
4918521,1,40,13
4918522,1,40,14
4918523,1,40,16
4918524,1,60,1
4918525,1,60,2
4918526,1,60,3
4918527,1,60,4
4918528,1,60,5
4918529,1,106,1
4918530,1,106,2
4918531,1,106,3
4918532,1,106,4
4918533,1,106,5
4918534,1,106,6
4918535,1,125,1
4918536,1,125,2
4918537,1,125,3
4918538,1,5,1
4918539,1,673,1
4918540,1,60,6
4918541,1,674,1
4918542,1,674,7
4918543,1,675,2
4918544,1,675,1
4918545,1,675,16
4918546,1,675,15
4918547,1,675,8
4918548,1,673,13
4918549,1,674,11
4918550,1,674,10
4918551,1,675,14
4918552,1,675,13
4918553,1,675,11
4918554,1,5,21
4918555,1,128,1
4918556,1,128,3
4918557,1,128,2
4918558,1,128,5
4918559,1,128,4
4918560,1,128,6
4918561,1,11,1
4918562,1,11,2
4918563,1,11,3
4918564,1,128,12
4918565,1,128,11
4918566,1,128,10
4918567,1,128,9
4918568,1,128,8
4918569,1,128,7
4918570,1,11,4
4918571,1,675,12
4918572,1,40,15
4918573,1,40,17
4918574,1,5,22
4918575,1,5,7
4918576,1,5,2
4918577,1,5,4
4918578,1,5,10
4918579,1,5,9
4918580,1,5,3
4918581,1,5,12
4918582,1,5,15
4918583,1,5,5
4918584,1,5,20
4918585,1,5,13
4918586,1,18,12
4918587,1,5,6
4918588,1,56,3
4918589,1,15,12
4918590,1,55,13
4918591,1,17,9
4918592,1,43,1
4918593,1,21,10
4918594,1,56,1
4918595,1,355,1
4918596,1,18,10
4918597,1,56,2
4918598,1,214,16
4918599,1,43,2
4918600,1,17,1
4918601,1,18,1
4918602,1,21,1
4918603,1,57,11
4918604,1,43,3
4918605,1,355,10
4918606,1,15,10
4918607,1,355,11
4918608,1,15,13
4918609,1,57,2
4918610,1,17,6
4918611,1,21,4
4918612,1,17,4
4918613,1,18,13
4918614,1,5,14
4918615,1,21,11
4918616,1,56,6
4918617,1,56,9
4918618,1,55,2
4918619,1,18,3
4918620,1,56,8
4918621,1,5,11
4918622,1,57,1
4918623,1,21,2
4918624,1,21,5
4918625,1,355,4
4918626,1,18,2
4918627,1,55,12
4918628,1,43,5
4918629,1,355,9
4918630,1,17,10
4918631,1,21,12
4918632,1,21,3
4918633,1,355,3
4918634,1,17,2
4918635,1,5,35
4918636,1,981,1
4918636,2,981,1
4918637,1,355,6
4918638,1,17,7
4918639,1,56,4
4918640,1,355,12
4918641,1,57,10
4918642,1,15,3
4918643,1,15,14
4918644,1,5,40
4918645,1,55,14
4918646,1,18,4
4918647,1,5,23
4918648,1,56,7
4918649,1,18,11
4918650,1,56,5
4918651,1,55,15
4918652,1,355,8
4918653,1,15,1
4918654,1,57,3
4918655,1,18,14
4918656,1,55,1
4918657,1,55,10
4918658,1,355,13
4918659,1,40,1
4918660,1,40,3
4918661,1,40,2
4918662,1,40,4
4918663,1,40,7
4918664,1,40,5
4918665,1,40,9
4918666,1,40,6
4918667,1,40,8
4918668,1,40,15
4918669,1,40,10
4918670,1,40,12
4918671,1,40,17
4918672,1,40,16
4918673,1,40,20
4918674,1,40,14
4918675,1,40,24
4918676,1,40,25
4918677,1,40,26
4918678,1,40,27
4918679,1,40,29
4918680,1,40,33
4918681,1,40,31
4918682,1,5,19
4918682,2,5,19
4918683,1,5,33
4918684,1,5,37
4918685,1,17,5
4918686,1,5,29
4918687,1,15,4
4918688,1,40,34
4918689,1,40,22
4918690,1,15,5
4918691,1,5,38
4918692,1,40,38
4918693,1,214,20
4918694,1,214,19
4918695,1,214,18
4918696,1,214,17
4918697,1,214,7
4918698,1,214,15
4918699,1,214,14
4918700,1,214,13
4918701,1,214,12
4918702,1,214,11
4918703,1,214,6
4918704,1,214,4
4918705,1,214,2
4918706,1,355,14
4918707,1,675,2
4918708,1,675,3
4918709,1,675,4
4918710,1,675,6
4918711,1,675,7
4918712,1,675,5
4918713,1,675,8
4918714,1,675,11
4918715,1,675,10
4918716,1,675,9
4918717,1,675,12
4918718,1,675,14
4918719,1,675,15
4918720,1,675,16
4918721,1,675,19
4918722,1,675,17
4918723,1,675,20
4918724,1,675,22
4918725,1,675,23
4918726,1,675,24
4918727,1,675,28
4918728,1,675,30
4918729,1,675,31
4918730,1,675,33
4918731,1,675,34
4918732,1,675,36
4918733,1,675,37
4918734,1,675,38
4918735,1,675,39
4918736,1,5,31
4918737,1,56,10
4918738,1,21,13
4918739,1,355,5
4918740,1,21,14
4918741,1,355,2
4918742,1,40,19
4918743,1,675,26
4918744,1,675,21
4918745,1,675,40
4918746,1,673,1
4918747,1,673,29
4918748,1,673,2
4918749,1,673,4
4918750,1,673,3
4918751,1,673,6
4918752,1,673,26
4918753,1,673,5
4918754,1,673,7
4918755,1,673,33
4918756,1,673,8
4918757,1,673,30
4918758,1,673,11
4918759,1,673,12
4918760,1,673,32
4918761,1,673,14
4918762,1,673,13
4918763,1,673,16
4918764,1,673,17
4918765,1,673,18
4918766,1,673,28
4918767,1,673,34
4918768,1,673,22
4918769,1,673,31
4918770,1,673,9
4918771,1,673,15
4918772,1,673,27
4918773,1,43,6
4918774,1,5,17
4918775,1,15,15
4918776,1,673,39
4918777,1,5,39
4918778,1,673,23
4918779,1,675,13
4918780,1,673,19
4918781,1,673,21
4918782,1,55,11
4918782,2,55,11
4918783,1,5,34
4918784,1,40,21
4918785,1,106,1
4918786,1,106,3
4918787,1,106,9
4918788,1,106,10
4918789,1,106,12
4918790,1,106,2
4918791,1,106,5
4918792,1,106,14
4918793,1,106,11
4918794,1,106,6
4918795,1,106,4
4918796,1,106,7
4918797,1,106,8
4918798,1,106,16
4918799,1,5,41
4918800,1,55,16
4918801,1,5,18
4918802,1,125,1
4918803,1,125,2
4918804,1,125,4
4918805,1,125,5
4918806,1,15,2
4918807,1,17,8
4918808,1,5,24
4918809,1,21,15
4918810,1,675,18
4918811,1,675,35
4918812,1,675,32
4918813,1,673,25
4918814,1,40,30
4918815,1,40,37
4918816,1,125,3
4918817,1,355,7
4918818,1,674,31
4918819,1,674,1
4918820,1,674,23
4918821,1,674,3
4918822,1,674,2
4918823,1,674,6
4918824,1,674,25
4918825,1,674,5
4918826,1,674,8
4918827,1,674,7
4918828,1,674,28
4918829,1,674,32
4918830,1,674,9
4918831,1,674,29
4918832,1,674,10
4918833,1,674,14
4918834,1,674,24
4918835,1,674,11
4918836,1,674,13
4918837,1,674,27
4918838,1,674,12
4918839,1,674,15
4918840,1,674,16
4918841,1,674,17
4918842,1,674,26
4918843,1,674,30
4918844,1,106,15
4918845,1,5,28
4918846,1,980,1
4918847,1,987,1
4918848,1,994,1
4918848,2,994,1
4918849,1,988,1
4918850,1,995,1
4918851,1,987,2
4918851,2,987,2
4918852,1,988,2
4918852,2,988,2
4918853,1,994,2
4918853,2,994,2
4918854,1,71,1
4918855,1,71,2
4918856,1,71,3
4918863,1,40,35
4918864,1,5,1
4918865,1,113,1
4918866,1,113,2
4918867,1,113,4
4918868,1,5,32
4918869,1,113,6
4918870,1,675,43
4918871,1,673,24
4918872,1,17,3
4918873,1,40,36
4918874,1,40,32
4918875,1,40,18
4918876,1,60,1
4918877,1,60,2
4918878,1,60,3
4918879,1,60,4
4918880,1,60,5
4918881,1,60,6
4918882,1,60,7
4918883,1,60,8
4918884,1,60,9
4918885,1,60,10
4918886,1,60,11
4918887,1,60,12
4918888,1,60,14
4918888,2,60,14
4918889,1,60,16
4918890,1,60,17
4918891,1,60,13
4918892,1,5,30
4918893,1,984,2
4918893,2,984,2
4918894,1,60,15
4918895,1,674,4
4918896,1,675,1
4918897,1,673,36
4918898,1,675,44
4918899,1,674,33
4918900,1,675,45
4918901,1,674,34
4918902,1,674,35
4918903,1,675,27
4918904,1,675,29
4918905,1,40,40
4918906,1,995,2
4918906,2,995,2
4918907,1,128,1
4918908,1,128,2
4918909,1,128,4
4918910,1,128,3
4918911,1,128,5
4918912,1,128,6
4918913,1,128,7
4918914,1,128,8
4918915,1,128,9
4918916,1,128,10
4918917,1,128,12
4918918,1,128,11
4918919,1,106,13
4918920,1,673,10
4918921,1,673,20
4918922,1,673,35
4918923,1,674,18
4918924,1,674,19
4918925,1,675,25
4918926,1,675,42
4918927,1,673,38
4918928,1,5,25
4918929,1,11,4
4918930,1,11,3
4918931,1,11,2
4918932,1,11,5
4918933,1,11,1
4918934,1,11,7
4918935,1,11,6
4918936,1,40,39
4918937,1,40,23
4918938,1,21,16
4918939,1,5,36
4918940,1,55,3
4918941,1,113,3
4918942,1,675,41
4918943,1,673,37
4918944,1,40,28
4918945,1,21,6
4918946,1,5,16
4919049,1,12,2
4919050,1,12,3
4919051,1,12,4
4919052,1,12,1
4919053,1,47,1
4919054,1,7,1
4919055,1,7,2
4919056,1,7,3
4919057,1,7,4
4919058,1,7,5
4919059,1,7,6
4919060,1,7,7
4919061,1,7,8
4919062,1,7,9
4919063,1,7,10
4919064,1,7,11
4919065,1,7,12
4919066,1,7,13
4919067,1,7,14
4919068,1,7,15
4919069,1,7,16
4919070,1,7,17
4919071,1,7,18
4919072,1,7,19
4919073,1,7,20
4919074,1,7,21
4919075,1,44,1
4919076,1,44,2
4919077,1,44,3
4919078,1,44,4
4919079,1,44,5
4919080,1,44,6
4919081,1,44,7
4919082,1,44,8
4919083,1,44,9
4919084,1,120,1
4919085,1,120,2
4919086,1,120,3
4919087,1,120,4
4919088,1,120,5
4919089,1,120,6
4919090,1,120,7
4919091,1,120,8
4919092,1,120,9
4919093,1,120,10
4919094,1,120,11
4919095,1,120,12
4919096,1,120,13
4919097,1,120,14
4919098,1,120,15
4919099,1,120,16
4919100,1,120,17
4919101,1,120,18
4919102,1,36,1
4919103,1,36,2
4919104,1,36,3
4919105,1,36,4
4919106,1,36,5
4919107,1,36,6
4919108,1,36,10
4919109,1,36,11
4919110,1,70,2
4919111,1,70,3
4919112,1,70,4
4919113,1,70,5
4919114,1,70,6
4919115,1,70,7
4919116,1,10,1
4919117,1,10,2
4919118,1,10,3
4919119,1,10,4
4919120,1,36,7
4919121,1,36,8
4919122,1,36,9
4919123,1,2,2
4919124,1,2,4
4919125,1,2,5
4919126,1,2,6
4919127,1,2,8
4919128,1,2,9
4919129,1,1,1
4919130,1,1,2
4919131,1,1,4
4919132,1,1,5
4919133,1,1,6
4919134,1,1,7
4919135,1,70,1
4919136,1,3,7
4919137,1,3,8
4919138,1,3,9
4919139,1,3,6
4919140,1,3,5
4919141,1,3,3
4919142,1,3,2
4919143,1,3,1
4919144,1,3,4
4919145,1,3,10
4919146,1,1,3
4919147,1,2,3
4919148,1,2,7
4919149,1,2,1
4919150,1,12,1
4919151,1,47,1
4919152,1,12,2
4919153,1,7,1
4919154,1,7,2
4919155,1,7,3
4919156,1,7,4
4919157,1,7,5
4919158,1,7,6
4919159,1,7,7
4919160,1,7,8
4919161,1,7,9
4919162,1,7,10
4919163,1,7,11
4919164,1,7,12
4919165,1,7,13
4919166,1,7,14
4919167,1,7,15
4919168,1,7,16
4919169,1,7,17
4919170,1,7,18
4919171,1,7,19
4919172,1,7,20
4919173,1,44,2
4919174,1,44,3
4919175,1,44,4
4919176,1,44,5
4919177,1,44,6
4919178,1,44,7
4919179,1,44,1
4919180,1,120,2
4919181,1,120,3
4919182,1,120,4
4919183,1,120,5
4919184,1,120,6
4919185,1,120,7
4919186,1,120,1
4919187,1,36,1
4919188,1,36,2
4919189,1,36,3
4919190,1,36,4
4919191,1,36,5
4919192,1,36,6
4919193,1,36,7
4919194,1,36,8
4919195,1,36,9
4919196,1,10,1
4919197,1,10,2
4919198,1,10,3
4919199,1,10,4
4919200,1,1,1
4919201,1,1,2
4919202,1,1,3
4919203,1,1,4
4919204,1,1,5
4919205,1,70,2
4919206,1,70,6
4919207,1,70,1
4919208,1,70,4
4919209,1,70,5
4919210,1,70,3
4919211,1,2,1
4919212,1,2,2
4919213,1,2,3
4919214,1,2,4
4919215,1,3,1
4919216,1,3,2
4919217,1,3,3
4919218,1,3,4
4919219,1,3,5
4919220,1,3,6
4919221,1,3,7
4919222,1,3,8
4919223,1,3,9
4919224,1,12,1
4919225,1,12,2
4919226,1,12,3
4919227,1,12,5
4919228,1,12,4
4919229,1,12,6
4919230,1,12,7
4919231,1,12,8
4919232,1,12,9
4919233,1,12,10
4919234,1,36,1
4919235,1,36,2
4919236,1,36,3
4919237,1,36,6
4919238,1,36,8
4919239,1,36,9
4919240,1,36,10
4919241,1,36,11
4919242,1,36,12
4919243,1,36,13
4919244,1,36,14
4919245,1,36,17
4919246,1,36,19
4919247,1,36,21
4919248,1,36,23
4919249,1,36,4
4919250,1,36,7
4919251,1,120,27
4919252,1,120,1
4919253,1,120,3
4919254,1,120,4
4919255,1,120,5
4919256,1,120,6
4919257,1,120,7
4919258,1,120,8
4919259,1,120,9
4919260,1,120,10
4919261,1,120,11
4919262,1,120,12
4919263,1,120,13
4919264,1,120,14
4919265,1,120,15
4919266,1,120,16
4919267,1,120,17
4919268,1,120,18
4919269,1,120,20
4919270,1,120,21
4919271,1,120,22
4919272,1,120,23
4919273,1,120,24
4919274,1,120,25
4919275,1,120,26
4919276,1,120,28
4919277,1,120,29
4919278,1,120,30
4919279,1,120,31
4919280,1,120,32
4919281,1,10,1
4919282,1,10,10
4919283,1,10,2
4919284,1,10,3
4919285,1,10,4
4919286,1,10,5
4919287,1,10,6
4919288,1,10,7
4919289,1,10,8
4919290,1,10,9
4919291,1,36,20
4919292,1,120,2
4919293,1,120,19
4919294,1,36,15
4919295,1,36,16
4919296,1,36,22
4919297,1,2,2
4919298,1,2,1
4919299,1,2,3
4919300,1,2,4
4919301,1,2,5
4919302,1,2,6
4919303,1,2,7
4919304,1,2,8
4919305,1,2,10
4919306,1,2,9
4919307,1,2,11
4919308,1,2,13
4919309,1,2,15
4919310,1,2,17
4919311,1,2,18
4919312,1,2,19
4919313,1,2,12
4919314,1,2,16
4919315,1,1,1
4919316,1,1,2
4919317,1,1,3
4919318,1,1,4
4919319,1,1,5
4919320,1,1,6
4919321,1,1,7
4919322,1,1,8
4919323,1,1,9
4919324,1,1,10
4919325,1,1,11
4919326,1,1,12
4919327,1,1,13
4919328,1,70,1
4919329,1,44,1
4919330,1,36,18
4919331,1,36,5
4919332,1,44,5
4919333,1,44,9
4919334,1,44,10
4919335,1,44,12
4919336,1,44,19
4919337,1,44,2
4919338,1,44,3
4919339,1,44,4
4919340,1,44,6
4919341,1,44,7
4919342,1,44,8
4919343,1,44,11
4919344,1,44,13
4919345,1,44,14
4919346,1,44,15
4919347,1,44,16
4919348,1,44,17
4919349,1,44,18
4919350,1,44,20
4919351,1,7,31
4919352,1,7,33
4919353,1,7,26
4919354,1,7,30
4919354,2,7,30
4919355,1,7,29
4919356,1,7,32
4919357,1,7,23
4919358,1,7,28
4919359,1,7,25
4919360,1,7,24
4919361,1,7,21
4919362,1,7,22
4919363,1,7,18
4919364,1,7,19
4919365,1,7,20
4919366,1,7,15
4919367,1,7,13
4919368,1,7,14
4919369,1,7,12
4919370,1,7,11
4919371,1,7,10
4919372,1,7,9
4919373,1,7,7
4919374,1,7,6
4919375,1,7,8
4919376,1,7,4
4919377,1,7,3
4919378,1,7,2
4919379,1,7,5
4919380,1,7,17
4919381,1,7,1
4919382,1,7,27
4919383,1,2,20
4919384,1,7,16
4919385,1,70,21
4919386,1,70,10
4919387,1,70,13
4919388,1,70,2
4919389,1,70,3
4919390,1,70,4
4919391,1,70,5
4919392,1,70,6
4919393,1,70,7
4919394,1,70,8
4919395,1,70,9
4919396,1,70,11
4919397,1,70,12
4919398,1,70,14
4919399,1,70,16
4919400,1,70,17
4919401,1,70,18
4919402,1,70,19
4919403,1,70,20
4919404,1,3,1
4919405,1,3,3
4919406,1,3,4
4919407,1,3,6
4919408,1,3,5
4919409,1,3,10
4919410,1,3,7
4919411,1,3,8
4919412,1,3,9
4919413,1,3,14
4919414,1,3,11
4919415,1,3,12
4919416,1,3,13
4919417,1,3,16
4919418,1,3,15
4919419,1,3,17
4919420,1,3,18
4919421,1,3,20
4919422,1,3,21
4919423,1,3,23
4919424,1,3,25
4919425,1,3,2
4919426,1,3,24
4919427,1,4,2
4919428,1,4,1
4919429,1,47,3
4919430,1,47,2
4919431,1,47,1
4919432,1,3,19
4919433,1,3,22
4919433,2,3,22
4919434,1,2,14
4919435,1,70,15
4920384,1,75,1
4920385,1,301,9
4920386,1,65,1
4920387,1,65,14
4920388,1,65,19
4920389,1,65,2
4920390,1,65,3
4920391,1,65,4
4920392,1,65,5
4920393,1,65,6
4920394,1,41,8
4920395,1,65,7
4920396,1,65,22
4920397,1,65,23
4920398,1,65,8
4920399,1,65,9
4920400,1,65,10
4920401,1,65,11
4920402,1,77,3
4920403,1,65,12
4920404,1,65,20
4920405,1,65,13
4920406,1,65,15
4920407,1,65,16
4920408,1,312,13
4920409,1,73,11
4920410,1,41,45
4920411,1,41,1
4920412,1,41,2
4920413,1,41,3
4920414,1,41,5
4920415,1,372,15
4920416,1,41,17
4920417,1,41,7
4920418,1,73,1
4920419,1,41,19
4920420,1,41,6
4920421,1,41,9
4920422,1,41,10
4920423,1,41,11
4920424,1,41,12
4920425,1,41,13
4920426,1,41,14
4920427,1,41,15
4920428,1,41,16
4920429,1,41,20
4920430,1,41,21
4920431,1,41,22
4920432,1,41,23
4920433,1,41,24
4920434,1,41,25
4920435,1,41,26
4920436,1,41,27
4920437,1,41,28
4920438,1,41,29
4920439,1,41,30
4920440,1,77,9
4920441,1,41,31
4920442,1,41,32
4920443,1,41,34
4920444,1,41,33
4920445,1,41,35
4920446,1,41,37
4920447,1,41,38
4920448,1,41,39
4920449,1,41,41
4920450,1,41,42
4920451,1,41,43
4920452,1,41,44
4920453,1,41,46
4920454,1,41,47
4920455,1,41,48
4920456,1,41,49
4920457,1,301,1
4920458,1,301,2
4920459,1,301,3
4920460,2,301,4
4920461,1,301,5
4920462,1,301,6
4920463,1,301,7
4920464,1,301,8
4920465,1,301,10
4920466,1,301,11
4920467,1,301,12
4920468,1,301,13
4920469,1,301,14
4920470,1,301,15
4920471,1,301,18
4920472,1,301,16
4920473,1,301,17
4920474,1,304,1
4920475,1,304,2
4920476,1,661,3
4920477,1,304,3
4920478,1,304,4
4920479,1,304,5
4920480,1,304,6
4920481,1,308,1
4920482,1,308,2
4920483,1,309,1
4920484,2,309,2
4920485,1,309,3
4920486,1,312,1
4920487,1,312,2
4920488,1,312,3
4920489,1,312,4
4920490,1,312,5
4920491,1,312,6
4920492,1,661,1
4920493,1,312,7
4920494,1,312,8
4920495,1,312,9
4920496,1,661,2
4920497,1,312,10
4920498,1,312,11
4920499,1,312,12
4920500,1,312,14
4920501,1,312,15
4920502,1,312,16
4920503,1,312,18
4920504,1,312,17
4920505,1,312,19
4920506,1,312,20
4920507,1,312,21
4920508,1,312,24
4920509,1,312,22
4920510,1,312,23
4920511,1,316,1
4920512,1,316,2
4920513,1,316,3
4920514,1,316,4
4920515,1,316,5
4920516,1,316,6
4920517,1,661,4
4920518,1,316,7
4920519,1,316,9
4920520,1,316,10
4920521,1,316,11
4920522,1,330,1
4920523,1,331,1
4920524,1,331,2
4920525,1,331,3
4920526,1,331,4
4920527,1,331,5
4920528,1,331,6
4920529,1,331,7
4920530,1,331,8
4920531,1,331,9
4920532,1,331,10
4920533,1,331,11
4920534,1,342,11
4920535,1,342,12
4920536,2,342,13
4920537,1,342,14
4920538,1,342,15
4920539,1,346,1
4920540,1,346,2
4920541,1,346,3
4920542,1,346,4
4920543,1,346,5
4920544,1,346,6
4920545,1,372,1
4920546,2,372,2
4920547,1,372,3
4920548,1,372,4
4920549,1,372,5
4920550,1,372,6
4920551,1,372,7
4920552,1,372,8
4920553,1,372,9
4920554,1,372,10
4920555,1,372,11
4920556,1,372,12
4920557,1,372,13
4920558,1,372,14
4920559,1,372,16
4920560,1,372,18
4920561,1,372,19
4920562,1,372,20
4920563,1,372,21
4920564,1,372,23
4920565,1,372,24
4920566,1,661,10
4920567,1,661,11
4920568,1,661,12
4920569,1,661,13
4920570,1,73,2
4920571,1,73,3
4920572,1,73,4
4920573,1,73,5
4920574,1,73,10
4920575,1,73,6
4920576,2,73,7
4920577,1,73,9
4920578,1,74,3
4920579,1,74,1
4920580,1,74,2
4920581,1,74,4
4920582,1,74,5
4920583,1,74,6
4920584,1,74,7
4920585,1,74,8
4920586,1,74,12
4920587,1,74,13
4920588,1,74,15
4920589,1,74,16
4920590,1,74,17
4920591,1,74,20
4920592,1,308,4
4920593,1,41,4
4920594,1,77,1
4920595,1,77,2
4920596,1,77,4
4920597,1,77,6
4920598,1,77,7
4920599,1,77,8
4920600,1,77,10
4920601,1,75,2
4920602,1,75,3
4920603,1,75,5
4920604,1,75,14
4920605,1,75,4
4920606,1,75,6
4920607,1,75,7
4920608,1,75,8
4920609,2,75,9
4920610,1,75,10
4920611,1,75,11
4920612,1,75,12
4920613,1,75,13
4920614,1,75,15
4920615,1,75,16
4920616,1,75,17
4920617,1,75,20
4920618,1,75,21
4920619,1,75,23
4920619,2,75,23
4920620,1,78,1
4920621,1,75,22
4920622,1,65,21
4920623,1,73,8
4920624,1,41,40
4920625,1,75,24
4920626,1,41,18
4920627,1,75,18
4920628,1,74,10
4920629,1,74,14
4920630,1,65,18
4920631,1,65,17
4920632,1,75,19
4920633,1,74,9
4920634,1,74,19
4920635,1,309,4
4920636,1,74,11
4920637,1,77,5
4920638,1,372,17
4920639,1,308,3
4920640,1,316,8
4920641,1,309,5
4920642,1,74,18
4920643,1,41,36
4920644,1,372,26
4920645,1,372,22
4920646,1,372,25
4920647,1,75,12
4920648,1,75,4
4920649,1,75,3
4920650,1,75,8
4920651,1,75,1
4920652,1,75,7
4920653,1,75,2
4920654,1,75,9
4920655,1,75,11
4920656,1,75,10
4920657,1,75,5
4920658,1,65,7
4920659,1,65,9
4920660,1,65,8
4920661,1,65,4
4920662,1,65,6
4920663,1,65,5
4920664,1,65,11
4920665,1,65,10
4920666,1,75,6
4920667,1,41,1
4920668,1,41,3
4920669,1,41,4
4920670,1,41,5
4920671,1,41,6
4920672,1,41,7
4920673,1,73,1
4920674,1,73,2
4920675,1,73,3
4920676,1,331,1
4920677,1,331,2
4920678,1,331,3
4920679,1,331,4
4920680,1,331,5
4920681,1,331,6
4920682,1,331,7
4920683,1,331,8
4920684,1,331,9
4920685,1,346,1
4920686,1,346,2
4920687,1,346,3
4920688,1,346,4
4920689,1,346,5
4920690,1,346,6
4920691,1,372,1
4920692,1,372,2
4920693,1,372,3
4920694,1,372,4
4920695,1,372,5
4920696,1,65,3
4920697,1,65,1
4920698,1,65,2
4920699,1,41,8
4920700,1,41,9
4920701,1,41,10
4920702,1,65,13
4920703,1,75,13
4920704,1,65,12
4920705,1,41,2
4920706,1,372,6
4920707,1,372,1
4920708,1,372,2
4920709,1,372,4
4920710,1,372,3
4920711,1,65,4
4920712,1,65,5
4920713,1,65,6
4920714,1,65,7
4920715,1,65,8
4920716,1,75,1
4920717,1,75,2
4920718,1,75,3
4920719,1,75,4
4920720,1,75,5
4920721,1,75,6
4920722,1,41,2
4920723,1,41,3
4920724,1,41,4
4920725,1,73,1
4920726,1,73,2
4920727,1,73,3
4920728,1,331,1
4920729,1,331,2
4920730,1,331,3
4920731,1,331,4
4920732,1,331,5
4920733,1,331,6
4920734,1,331,7
4920735,1,331,8
4920736,1,331,9
4920737,1,331,10
4920738,1,65,1
4920739,1,65,2
4920740,1,75,7
4920741,1,41,5
4920742,1,65,10
4920743,1,65,9
4920744,1,65,3
4920745,1,41,1
4920746,1,41,6
4920747,1,41,7
4920748,1,41,8
4920749,1,41,9
4920750,1,41,10
4920751,1,75,8
4921591,1,167,1
4921592,1,167,3
4921593,1,167,4
4921594,1,167,2
4921595,1,37,2
4921596,1,37,1
4921597,1,37,3
4921598,1,27,7
4921599,1,37,6
4921600,1,37,4
4921601,1,37,5
4921602,1,121,1
4921603,1,123,3
4921604,1,121,2
4921605,1,122,5
4921606,1,121,4
4921607,1,121,12
4921608,1,121,16
4921609,1,121,3
4921610,1,121,5
4921611,1,121,13
4921612,1,48,4
4921613,1,123,1
4921614,1,122,2
4921615,1,122,3
4921616,1,121,15
4921617,1,121,10
4921618,1,121,14
4921619,1,121,11
4921620,1,123,2
4921621,1,26,12
4921622,1,121,6
4921623,1,121,7
4921624,1,121,9
4921625,1,29,1
4921626,1,29,12
4921627,1,29,10
4921628,1,29,2
4921629,1,29,8
4921630,1,29,3
4921631,1,29,11
4921632,1,29,4
4921633,1,29,9
4921634,1,29,5
4921635,1,29,7
4921636,1,48,3
4921637,1,48,6
4921638,1,48,9
4921639,1,48,11
4921640,1,48,12
4921641,1,48,15
4921642,1,26,1
4921643,1,28,9
4921644,1,26,16
4921645,1,122,1
4921646,1,28,12
4921647,1,28,1
4921648,1,28,24
4921649,1,28,2
4921650,1,26,2
4921651,1,28,3
4921652,1,28,4
4921653,1,28,30
4921654,1,26,3
4921655,1,28,5
4921656,1,28,6
4921657,1,28,7
4921658,1,28,8
4921659,1,26,4
4921660,1,26,5
4921661,1,28,10
4921662,1,26,7
4921663,1,28,26
4921664,1,28,13
4921665,1,26,8
4921666,1,28,15
4921667,1,26,14
4921668,1,28,17
4921669,1,28,25
4921670,1,26,11
4921671,1,26,15
4921672,1,28,28
4921673,1,28,21
4921674,1,28,20
4921675,1,28,22
4921676,1,64,5
4921677,1,64,9
4921678,1,64,6
4921679,1,64,7
4921680,1,64,4
4921681,1,64,3
4921682,1,62,2
4921683,1,62,3
4921684,1,64,1
4921685,1,62,4
4921686,1,62,5
4921687,1,62,6
4921688,1,62,7
4921689,1,64,2
4921690,1,62,8
4921691,1,62,1
4921692,1,62,9
4921693,1,62,10
4921694,1,62,11
4921695,1,62,12
4921696,1,62,16
4921697,1,62,17
4921698,1,62,21
4921699,1,64,8
4921700,1,62,22
4921701,1,62,23
4921702,1,62,24
4921703,1,28,29
4921704,1,19,2
4921705,1,19,3
4921706,1,19,4
4921707,1,19,5
4921708,1,124,1
4921709,1,124,2
4921710,1,124,3
4921711,1,124,5
4921712,1,124,4
4921713,1,124,7
4921714,1,124,8
4921715,1,124,9
4921716,1,124,15
4921717,1,8,9
4921718,1,27,6
4921719,1,27,1
4921720,1,124,6
4921721,1,27,2
4921722,1,27,3
4921723,1,124,10
4921724,1,124,11
4921725,1,27,4
4921726,1,28,16
4921727,1,124,16
4921728,1,124,17
4921729,1,124,21
4921730,1,124,22
4921731,1,48,8
4921732,1,9,1
4921733,1,9,2
4921734,1,9,3
4921735,1,9,6
4921736,1,9,7
4921737,1,9,8
4921738,1,9,9
4921739,1,9,5
4921740,1,63,1
4921741,1,63,2
4921742,1,63,5
4921743,1,63,3
4921744,1,63,6
4921745,1,63,4
4921746,1,124,20
4921747,1,124,12
4921748,1,124,14
4921749,1,124,18
4921750,1,27,5
4921751,1,124,19
4921752,1,124,13
4921753,1,19,1
4921754,1,27,8
4921755,1,62,18
4921756,1,303,1
4921757,1,303,2
4921758,1,303,3
4921759,1,303,4
4921760,1,303,5
4921761,1,303,6
4921762,1,303,7
4921763,1,303,8
4921764,1,303,9
4921765,1,303,10
4921766,1,303,12
4921767,1,303,11
4921768,1,29,13
4921769,1,29,6
4921770,1,26,9
4921771,1,28,18
4921772,1,62,15
4921773,1,63,7
4921774,1,121,8
4921775,1,303,13
4921776,1,122,4
4921777,1,45,1
4921778,1,45,2
4921779,1,45,3
4921780,1,45,4
4921781,1,45,5
4921782,1,45,6
4921783,1,45,7
4921784,1,45,9
4921785,1,45,8
4921786,1,45,11
4921787,1,45,10
4921788,1,45,12
4921789,1,45,14
4921790,1,45,15
4921791,1,45,17
4921792,1,45,16
4921793,1,45,19
4921794,1,45,20
4921795,1,45,18
4921796,1,45,21
4921797,1,45,13
4921798,1,26,6
4921799,1,62,13
4921800,1,123,4
4921801,1,48,16
4921802,1,62,19
4921803,1,28,11
4921804,1,48,5
4921805,1,48,7
4921806,1,48,10
4921807,1,48,14
4921808,1,48,17
4921809,1,62,14
4921810,1,28,19
4921811,1,48,1
4921812,1,48,2
4921813,1,48,13
4921814,1,28,14
4921815,1,26,10
4921816,1,28,23
4921817,1,28,27
4921818,1,26,13
4921819,1,62,20
4921820,1,24,1
4921821,1,76,1
4921822,1,76,2
4921823,1,76,3
4921824,1,8,6
4921825,1,76,4
4921826,1,76,5
4921827,1,76,6
4921828,1,76,7
4921829,1,76,8
4921830,1,76,9
4921831,1,76,10
4921832,1,76,11
4921833,1,76,12
4921834,1,76,13
4921835,1,63,8
4921836,1,8,1
4921837,1,8,3
4921838,1,8,2
4921839,1,8,4
4921840,1,8,5
4921841,1,8,7
4921842,1,8,8
4921843,1,24,2
4921844,1,8,10
4921845,1,9,4
4921846,1,8,14
4921847,1,8,11
4921848,1,8,12
4921849,1,8,15
4921850,1,8,13
4921851,1,303,14
4921852,1,64,10
4921853,1,8,16
4921855,1,124,6
4921856,1,124,5
4921857,1,124,10
4921858,1,124,9
4921859,1,124,11
4921860,1,124,12
4921861,1,27,1
4921862,1,124,1
4921863,1,124,2
4921864,1,27,3
4921865,1,124,3
4921866,1,124,4
4921867,1,124,7
4921868,1,124,8
4921869,1,48,4
4921870,1,48,5
4921871,1,48,6
4921872,1,48,8
4921873,1,48,10
4921874,1,48,9
4921875,1,28,7
4921876,1,28,1
4921877,1,28,2
4921878,1,26,2
4921879,1,26,6
4921880,1,28,6
4921881,1,28,5
4921882,1,26,1
4921883,1,28,4
4921884,1,26,5
4921885,1,26,4
4921886,1,26,3
4921887,1,28,3
4921888,1,26,7
4921889,1,8,1
4921890,1,8,2
4921891,1,8,3
4921892,1,8,4
4921893,1,8,5
4921894,1,8,6
4921895,1,8,7
4921896,1,8,8
4921897,1,8,9
4921898,1,62,1
4921899,1,62,2
4921900,1,62,3
4921901,1,62,4
4921902,1,62,6
4921903,1,62,5
4921904,1,62,7
4921905,1,62,8
4921906,1,62,9
4921907,1,62,10
4921908,1,62,11
4921909,1,26,8
4921910,1,27,2
4921911,1,124,13
4921912,1,45,1
4921913,1,45,2
4921914,1,45,3
4921915,1,45,4
4921916,1,45,5
4921917,1,45,7
4921918,1,45,6
4921919,1,45,8
4921920,1,124,14
4921921,1,8,10
4921922,1,26,13
4921923,1,48,11
4921924,1,26,14
4921925,1,26,9
4921926,1,26,10
4921927,1,26,15
4921928,1,26,12
4921929,1,28,8
4921930,1,26,11
4921931,1,48,2
4921932,1,48,3
4921933,1,48,1
4921934,1,48,7
4921936,1,124,1
4921937,1,124,3
4921938,1,124,2
4921939,1,124,8
4921940,1,124,6
4921941,1,124,4
4921942,1,124,5
4921943,1,124,7
4921944,1,48,4
4921945,1,48,5
4921946,1,48,6
4921947,1,48,7
4921948,1,28,6
4921949,1,28,7
4921950,1,28,5
4921951,1,28,4
4921952,1,28,2
4921953,1,28,1
4921954,1,28,3
4921955,1,26,6
4921956,1,26,7
4921957,1,26,5
4921958,1,26,4
4921959,1,26,3
4921960,1,26,2
4921961,1,26,1
4921962,1,62,1
4921963,1,62,2
4921964,1,62,3
4921965,1,62,4
4921966,1,62,5
4921967,1,62,6
4921968,1,62,8
4921969,1,62,10
4921970,1,26,8
4921971,1,45,1
4921972,1,45,2
4921973,1,45,3
4921974,1,45,4
4921975,1,45,5
4921976,1,45,6
4921977,1,45,7
4921978,1,45,8
4921979,1,8,1
4921980,1,8,3
4921981,1,8,4
4921982,1,8,5
4921983,1,8,6
4921984,1,8,7
4921985,1,26,10
4921986,1,26,9
4921987,1,28,8
4921988,1,28,9
4921989,1,26,12
4921990,1,26,11
4921991,1,8,2
4921992,1,48,1
4921993,1,48,2
4921994,1,48,3
4921995,1,27,1
4921996,1,27,2
4921997,1,27,3
4921998,1,27,5
4921999,1,27,4
4922000,1,62,7
4922001,1,62,9
4922002,1,62,11
4922003,1,27,6
4922350,1,522,1
4922351,1,522,2
4922352,1,522,3
4922353,1,522,4
4922354,1,522,5
4922355,1,522,6
4922356,1,545,1
4922357,1,545,2
4922358,1,545,3
4922359,1,545,4
4922360,1,545,5
4922361,1,545,6
4922362,1,554,1
4922363,1,554,2
4922364,1,554,3
4922365,1,554,4
4922366,1,554,5
4922367,1,554,6
4922368,1,554,7
4922369,1,672,1
4922370,1,672,2
4922371,1,672,3
4922372,1,672,4
4922373,1,672,5
4922374,1,672,6
4922375,1,672,8
4922376,1,522,7
4922377,1,672,7
4922378,1,255,1
4922379,1,255,2
4922380,1,255,3
4922381,1,255,4
4922382,1,255,5
4922383,1,255,6
4922384,1,255,7
4922385,1,255,8
4922386,1,550,1
4922387,1,550,2
4922388,1,550,3
4922389,1,550,4
4922390,1,550,5
4922391,1,550,6
4922392,1,550,7
4922393,1,545,7
4922394,1,248,7
4922395,1,248,5
4922396,1,248,6
4922397,1,248,2
4922398,1,248,1
4922399,1,248,3
4922400,1,248,4
4922401,1,234,2
4922402,1,235,1
4922403,1,234,1
4922404,1,235,2
4922405,1,271,2
4922406,1,271,3
4922407,1,271,4
4922408,1,271,5
4922409,1,271,6
4922410,1,271,7
4922411,1,271,1
4922412,1,221,1
4922413,1,249,2
4922414,1,249,3
4922415,1,249,1
4922416,1,245,5
4922417,1,245,4
4922418,1,245,3
4922419,1,245,2
4922420,1,221,2
4922421,1,245,1
4922422,1,221,3
4922423,1,226,1
4922424,1,226,2
4922425,1,226,3
4922426,1,240,4
4922427,1,240,2
4922428,1,240,5
4922429,1,240,1
4922430,1,240,3
4922431,1,240,6
4922432,1,271,1
4922433,1,271,14
4922434,1,234,2
4922435,1,235,2
4922436,1,234,4
4922437,1,234,5
4922438,1,235,1
4922439,1,235,3
4922440,1,234,1
4922441,1,271,4
4922442,1,232,2
4922443,1,271,10
4922444,1,232,3
4922445,1,269,3
4922446,1,234,3
4922447,1,271,25
4922448,1,232,6
4922449,1,232,7
4922450,1,232,8
4922451,1,236,11
4922452,1,237,2
4922453,1,232,1
4922454,1,269,1
4922455,1,271,3
4922456,1,271,5
4922457,1,271,6
4922458,1,271,7
4922459,1,271,9
4922460,1,269,5
4922461,1,244,1
4922462,1,237,1
4922463,1,277,1
4922464,1,269,6
4922465,1,221,2
4922466,1,221,3
4922467,1,271,15
4922468,1,243,6
4922469,1,243,7
4922470,1,232,4
4922471,1,248,2
4922472,1,248,3
4922473,1,248,1
4922474,1,271,8
4922475,1,271,13
4922476,1,271,18
4922477,1,269,2
4922478,1,271,19
4922479,1,200,1
4922480,1,204,2
4922481,1,204,1
4922482,1,245,3
4922483,1,271,2
4922484,1,208,1
4922485,1,224,1
4922486,1,249,2
4922487,1,249,3
4922488,1,249,4
4922489,1,249,6
4922490,1,249,1
4922491,1,894,1
4922492,1,891,1
4922493,1,889,1
4922494,1,246,2
4922495,1,246,1
4922496,1,342,2
4922497,1,244,2
4922498,1,243,8
4922499,1,245,1
4922500,1,245,2
4922501,1,245,5
4922502,1,245,4
4922503,1,245,7
4922504,1,245,6
4922505,1,245,8
4922506,1,245,11
4922507,1,245,12
4922508,1,893,1
4922509,1,235,5
4922510,1,226,6
4922511,1,221,1
4922512,1,271,22
4922513,1,200,2
4922514,1,240,1
4922515,1,240,2
4922516,1,240,3
4922517,1,240,4
4922518,1,240,5
4922519,1,240,8
4922520,1,240,10
4922521,1,238,1
4922522,1,236,5
4922523,1,236,4
4922524,1,236,10
4922525,1,236,7
4922526,1,236,6
4922527,1,236,3
4922528,1,236,2
4922529,1,236,1
4922530,1,236,8
4922531,1,887,1
4922532,1,886,1
4922533,1,271,12
4922534,1,232,5
4922535,1,114,6
4922536,1,243,1
4922537,1,243,2
4922538,1,243,3
4922539,1,243,4
4922540,1,249,7
4922541,1,249,5
4922542,1,271,20
4922543,1,114,11
4922544,1,114,9
4922545,1,114,7
4922546,1,114,4
4922547,1,269,4
4922548,1,114,1
4922549,1,114,3
4922550,1,114,5
4922551,1,114,8
4922552,1,114,10
4922553,1,114,2
4922554,1,221,5
4922555,1,271,17
4922556,1,221,6
4922557,1,271,24
4922558,1,271,27
4922559,1,271,16
4922560,1,221,4
4922561,1,236,9
4922562,1,271,29
4922563,1,240,11
4922564,1,237,3
4922565,1,269,9
4922566,1,342,1
4922567,1,269,8
4922568,1,277,2
4922569,1,240,7
4922570,1,226,1
4922571,1,226,2
4922572,1,226,3
4922573,1,226,4
4922574,1,226,5
4922575,1,245,13
4922576,2,271,23
4922577,1,226,10
4922578,1,235,4
4922579,1,277,3
4922580,1,277,4
4922581,1,240,6
4922582,1,245,10
4922583,1,245,9
4922584,1,245,14
4922585,1,240,9
4922586,1,226,7
4922587,1,226,8
4922588,1,226,9
4922589,1,271,11
4922590,1,269,7
4922591,1,271,26
4922592,1,271,28
4922593,1,271,30
4922594,1,271,21
4922595,1,243,5
4922596,1,522,1
4922597,1,522,2
4922598,1,522,3
4922599,1,522,4
4922600,1,522,5
4922601,1,522,6
4922602,1,522,7
4922603,1,545,1
4922604,1,545,2
4922605,1,545,3
4922606,1,545,4
4922607,1,545,5
4922608,1,545,6
4922609,1,554,1
4922610,1,554,2
4922611,1,554,3
4922612,1,554,4
4922613,1,554,5
4922614,1,554,6
4922615,1,554,7
4922616,1,672,1
4922617,1,672,2
4922618,1,672,3
4922619,1,672,4
4922620,1,672,5
4922621,1,672,6
4922622,1,672,7
4922623,1,255,1
4922624,1,255,2
4922625,1,255,3
4922626,1,255,4
4922627,1,255,5
4922628,1,255,6
4922629,1,550,1
4922630,1,550,2
4922631,1,550,3
4922632,1,550,4
4922633,1,550,5
4922634,1,550,6
4922635,1,550,7
4922636,1,248,2
4922637,1,248,3
4922638,1,248,4
4922639,1,248,5
4922640,1,248,6
4922641,1,248,7
4922642,1,248,1
4922643,1,271,5
4922644,1,271,6
4922645,1,271,4
4922646,1,271,2
4922647,1,271,1
4922648,1,271,7
4922649,1,271,3
4922650,1,235,1
4922651,1,235,2
4922652,1,234,1
4922653,1,234,2
4922654,1,221,1
4922655,1,221,2
4922656,1,221,3
4922657,1,221,4
4922658,1,208,1
4922659,1,249,2
4922660,1,249,3
4922661,1,249,1
4922662,1,240,4
4922663,1,240,3
4922664,1,240,2
4922665,1,240,1
4922666,1,245,2
4922667,1,245,3
4922668,1,245,4
4922669,1,245,1
4922670,1,245,5
4922671,1,226,1
4922672,1,226,2
4922673,1,226,3
4922674,1,226,4
4922675,1,226,5
4922676,1,226,6
4922677,1,269,2
4922678,1,269,1
4922679,1,269,3
4922680,1,269,4
4922681,1,240,5
4922682,1,240,6
4922683,1,221,5
4922684,1,540,4
4922685,1,545,32
4922686,1,554,13
4922687,1,550,22
4922688,1,556,4
4922689,1,986,1
4922690,1,824,1
4922691,1,888,1
4922691,2,888,1
4922692,1,989,1
4922693,1,887,2
4922693,2,887,2
4922694,1,219,5
4922695,1,982,1
4922696,1,824,2
4922696,2,824,2
4922697,1,989,2
4922697,2,989,2
4922698,1,212,22
4922699,1,257,4
4922700,1,268,5
4922701,1,212,24
4922702,1,823,2
4922702,2,823,2
4922703,1,257,2
4922704,1,246,10
4922704,2,246,10
4922705,1,255,11
4922706,1,255,9
4922707,1,252,2
4922708,1,257,3
4922709,1,212,29
4922710,1,252,4
4922711,1,545,29
4922712,1,545,28
4922713,1,522,15
4922714,1,268,2
4922715,1,218,7
4922716,1,212,1
4922717,1,212,3
4922718,1,212,25
4922719,1,212,31
4922720,1,212,10
4922721,1,216,2
4922722,1,216,3
4922723,1,216,5
4922724,1,216,6
4922725,1,216,7
4922726,1,212,21
4922727,1,212,23
4922728,1,212,26
4922729,1,218,13
4922730,1,218,14
4922731,1,216,1
4922732,1,219,2
4922733,1,219,3
4922734,1,219,4
4922735,1,216,8
4922736,1,219,6
4922737,1,219,7
4922738,1,218,4
4922739,1,212,9
4922740,1,892,1
4922740,2,892,1
4922741,1,823,1
4922741,2,823,1
4922742,1,252,1
4922743,1,255,1
4922744,1,255,2
4922745,1,255,3
4922746,1,255,4
4922747,1,219,1
4922748,1,255,5
4922749,1,255,6
4922750,1,255,8
4922751,1,255,10
4922752,1,255,14
4922753,1,255,15
4922754,1,255,17
4922755,1,212,19
4922756,1,255,20
4922757,1,255,21
4922758,1,255,22
4922759,1,255,24
4922760,1,255,25
4922761,1,218,5
4922762,1,218,3
4922763,1,218,1
4922764,1,212,2
4922765,1,212,6
4922766,1,311,1
4922767,1,311,2
4922768,1,212,20
4922769,1,255,23
4922770,1,311,5
4922771,1,311,6
4922772,1,212,18
4922773,1,255,12
4922774,1,888,2
4922774,2,888,2
4922775,1,268,4
4922776,1,522,1
4922777,1,522,3
4922778,1,545,3
4922779,1,545,4
4922780,1,522,5
4922781,1,522,8
4922782,1,522,9
4922783,1,522,10
4922784,1,522,13
4922785,1,522,14
4922786,1,545,20
4922787,1,522,16
4922788,1,522,19
4922789,1,541,1
4922790,1,541,2
4922791,1,541,3
4922792,1,541,4
4922793,1,541,5
4922794,1,541,8
4922795,1,550,4
4922796,1,542,1
4922797,1,542,2
4922798,1,542,3
4922799,1,542,5
4922800,1,542,6
4922801,1,542,8
4922802,1,542,10
4922803,1,542,11
4922804,1,542,12
4922805,1,542,13
4922806,1,542,14
4922807,1,542,15
4922808,1,522,2
4922809,1,545,1
4922810,1,545,2
4922811,1,545,5
4922812,1,522,4
4922813,1,545,6
4922814,1,545,7
4922815,1,522,6
4922816,1,545,9
4922817,1,545,10
4922818,1,545,11
4922819,1,554,8
4922820,1,545,13
4922821,1,545,15
4922822,1,545,16
4922823,1,545,18
4922824,1,545,22
4922825,1,545,30
4922826,1,545,37
4922827,1,550,1
4922828,1,550,2
4922829,1,550,3
4922830,1,550,5
4922831,1,550,7
4922832,1,550,8
4922833,1,550,23
4922834,1,550,31
4922835,1,550,33
4922836,1,554,1
4922837,1,554,2
4922838,1,556,1
4922839,1,554,3
4922840,1,554,4
4922841,1,556,2
4922842,1,554,5
4922843,1,556,3
4922844,1,554,7
4922845,1,556,10
4922846,1,554,12
4922847,1,554,6
4922848,1,522,11
4922849,1,554,14
4922850,1,554,15
4922851,1,554,16
4922852,1,556,8
4922853,1,556,9
4922854,1,556,12
4922855,1,556,13
4922856,1,550,32
4922857,1,212,33
4922858,1,212,30
4922859,1,212,34
4922860,1,886,2
4922860,2,886,2
4922861,1,545,12
4922862,1,545,19
4922863,1,541,6
4922864,1,212,27
4922865,1,212,28
4922866,1,216,4
4922867,1,257,1
4922868,1,252,3
4922869,1,218,12
4922870,1,212,4
4922871,1,212,7
4922872,1,212,12
4922873,1,212,15
4922874,1,212,16
4922875,1,212,17
4922876,1,218,2
4922877,1,218,8
4922878,1,218,10
4922879,1,218,11
4922880,1,212,5
4922881,1,218,6
4922882,1,255,7
4922883,1,255,13
4922884,1,891,2
4922884,2,891,2
4922885,1,892,2
4922885,2,892,2
4922886,1,894,2
4922886,2,894,2
4922887,1,893,2
4922888,1,895,2
4922889,1,982,2
4922889,2,982,2
4922890,1,986,2
4922890,2,986,2
4922891,1,540,8
4922892,1,540,1
4922893,1,540,2
4922894,1,540,3
4922895,1,540,5
4922896,1,540,6
4922897,1,540,7
4922898,1,550,10
4922899,1,550,11
4922900,1,550,12
4922901,1,550,14
4922902,1,550,16
4922903,1,550,9
4922904,1,550,13
4922905,1,550,15
4922906,1,550,18
4922907,1,550,19
4922908,1,545,17
4922909,1,550,17
4922910,1,522,12
4922911,1,522,17
4922912,1,522,20
4922913,1,522,22
4922914,1,545,21
4922915,1,545,31
4922916,1,545,34
4922917,1,545,36
4922918,1,545,33
4922919,1,545,27
4922920,1,545,24
4922921,1,550,29
4922922,1,556,11
4922923,1,212,11
4922924,1,255,28
4922925,1,672,1
4922926,1,672,2
4922927,1,672,3
4922928,1,672,4
4922929,1,672,6
4922930,1,672,7
4922931,1,672,9
4922932,1,672,11
4922933,1,672,12
4922934,1,672,14
4922935,1,672,15
4922936,1,672,13
4922937,1,672,16
4922938,1,672,17
4922939,1,672,18
4922940,1,556,5
4922941,1,554,9
4922942,1,216,9
4922943,1,212,32
4922944,1,255,18
4922945,1,541,10
4922946,1,542,9
4922947,1,541,7
4922948,1,542,7
4922949,1,542,4
4922950,1,545,14
4922951,1,545,25
4922952,1,545,26
4922953,1,522,7
4922954,1,522,24
4922955,1,522,21
4922956,1,522,23
4922957,1,545,8
4922958,1,550,6
4922959,1,550,26
4922960,1,550,28
4922961,1,541,9
4922962,1,541,11
4922963,1,550,20
4922964,1,550,24
4922965,1,550,36
4922966,1,550,34
4922967,1,550,27
4922968,1,554,10
4922969,1,522,18
4922970,1,550,30
4922971,1,550,35
4922972,1,550,21
4922973,1,550,25
4922974,1,556,7
4922975,1,255,27
4922976,1,255,30
4922977,1,255,29
4922978,1,219,8
4922979,1,311,4
4922980,1,255,16
4922981,1,311,3
4922982,1,212,13
4922983,1,218,9
4922984,1,212,14
4922985,1,311,7
4922986,1,257,5
4922987,1,216,10
4922988,1,672,10
4922989,1,672,5
4922990,1,672,8
4922991,1,554,11
4922992,1,556,6
4922993,1,268,1
4922994,1,889,2
4922994,2,889,2
4922995,1,268,3
4922996,1,255,19
4922997,1,212,8
4922998,1,255,26
4922999,1,252,5
4923000,1,219,9
4923001,1,545,35
4923002,1,545,38
4923003,1,545,23
4923004,1,895,1
4923019,1,893,60
4923020,1,895,60
4923021,1,888,60
4923022,1,824,60
4923023,1,887,60
4923024,1,823,60
4923025,1,886,60
4923026,1,889,60
4923111,1,550,1
4923112,1,550,2
4923113,1,550,3
4923114,1,550,5
4923115,1,550,6
4923116,1,550,7
4923117,1,550,8
4923118,1,550,4
4923177,1,554,3
4923193,1,550,1
4923194,1,550,2
4923195,1,550,3
4923196,1,550,5
4923197,1,550,7
4923198,1,550,8
4923199,1,550,9
4923200,1,550,6
4923201,1,550,4
4923334,1,981,1
4923365,1,992,2
4923366,1,992,1
4923381,1,65,23
4923388,1,65,20
4923499,1,331,1
4923500,1,331,2
4923501,1,331,3
4923502,1,331,4
4923503,1,331,5
4923504,1,331,6
4923505,1,331,7
4923506,1,331,8
4923507,1,331,9
4923508,1,331,11
4923647,1,331,1
4923648,1,331,2
4923649,1,331,3
4923650,1,331,4
4923651,1,331,5
4923652,1,331,6
4923653,1,331,7
4923654,1,331,8
4923655,1,331,9
4923658,1,346,3
4923660,1,346,5
4923703,1,331,1
4923704,1,331,2
4923705,1,331,3
4923706,1,331,4
4923707,1,331,5
4923708,1,331,6
4923709,1,331,7
4923710,1,331,8
4923711,1,331,9
4923712,1,331,10
4923743,1,599,41
4923744,1,599,2
4923745,1,599,1
4923746,1,599,6
4923747,1,599,7
4923748,1,599,42
4923749,1,599,9
4923750,1,599,4
4923751,1,599,10
4923752,1,599,44
4923753,1,599,45
4923754,1,599,8
4923755,1,599,46
4923756,1,599,3
4923757,1,599,11
4923758,1,599,12
4923759,1,599,47
4923760,1,599,51
4923761,1,599,54
4923762,1,599,52
4923763,1,599,55
4923764,1,599,56
4923765,1,599,53
4923766,1,599,57
4923767,1,599,43
4923768,1,599,5
4923769,1,599,1
4923770,1,599,6
4923771,1,599,2
4923772,1,599,7
4923773,1,599,8
4923774,1,599,4
4923775,1,599,9
4923776,1,599,5
4923777,1,599,10
4923778,1,599,12
4923779,1,599,3
4923780,1,599,11
4923781,1,599,7
4923782,1,599,12
4923783,1,599,1
4923784,1,599,9
4923785,1,599,8
4923786,1,599,2
4923787,1,599,4
4923788,1,599,10
4923789,1,599,5
4923790,1,599,6
4923791,1,599,3
4923792,1,599,11
4924301,1,43,5
4924378,1,214,2
4924446,1,43,6
4924543,1,60,5
4924566,1,675,27
4924575,1,128,7
4924609,1,987,2
4924610,1,988,2
4924611,1,994,2
4924612,1,995,2
4924613,1,214,1
4924614,1,40,11
4924615,1,214,5
4924616,1,40,13
4924617,1,214,8
4924618,1,214,3
4924641,1,973,1
4924716,1,190,9
4924717,1,111,2
4924718,1,183,3
4924719,1,182,3
4924720,1,111,6
4924721,1,143,9
4924722,1,143,4
4924723,1,179,4
4924724,1,179,5
4924725,1,159,2
4924726,1,183,1
4924727,1,186,3
4924728,1,111,5
4924729,1,111,14
4924730,1,192,1
4924731,1,143,3
4924732,1,159,4
4924733,1,111,11
4924734,1,159,5
4924735,1,111,13
4924736,1,182,2
4924737,1,179,2
4924738,1,177,2
4924739,1,111,10
4924740,1,952,8
4924741,1,186,1
4924742,1,952,6
4924743,1,183,5
4924744,1,179,1
4924745,1,143,7
4924746,1,158,3
4924747,1,159,1
4924748,1,190,10
4924749,1,177,1
4924750,1,159,3
4924751,1,177,7
4924752,1,158,4
4924753,1,952,3
4924754,1,952,7
4924755,1,158,5
4924756,1,190,2
4924757,1,111,1
4924758,1,182,1
4924759,1,183,6
4924760,1,183,4
4924761,1,192,7
4924762,1,111,3
4924763,1,143,11
4924764,1,192,4
4924765,1,190,3
4924766,1,143,1
4924767,1,952,2
4924768,1,143,5
4924769,1,190,6
4924770,1,158,1
4924771,1,190,7
4924772,1,952,1
4924773,1,111,7
4924774,1,111,8
4924775,1,952,4
4924776,1,952,5
4924777,1,177,3
4924778,1,192,2
4924779,1,192,3
4924780,1,182,5
4924781,1,182,4
4924782,1,671,17
4924783,1,671,16
4924784,1,671,15
4924785,1,671,14
4924786,1,671,13
4924787,1,671,11
4924788,1,671,7
4924789,1,671,6
4924790,1,671,5
4924791,1,671,4
4924792,1,671,3
4924793,1,671,2
4924794,1,671,1
4924795,1,671,18
4924796,1,193,10
4924797,1,193,9
4924798,1,193,8
4924799,1,193,7
4924800,1,193,5
4924801,1,193,4
4924802,1,193,3
4924803,1,193,2
4924804,1,193,1
4924805,1,180,13
4924806,1,180,12
4924807,1,180,11
4924808,1,180,10
4924809,1,180,8
4924810,1,180,7
4924811,1,180,4
4924812,1,180,3
4924813,1,180,1
4924814,1,180,2
4924815,1,178,2
4924816,1,178,4
4924817,1,178,3
4924818,1,178,1
4924819,1,178,8
4924820,1,178,7
4924821,1,178,6
4924822,1,192,6
4924823,1,192,5
4924824,1,186,4
4924825,1,111,12
4924826,1,159,6
4924827,1,111,9
4924828,1,179,8
4924829,1,158,6
4924830,1,179,9
4924831,1,179,11
4924832,1,179,12
4924833,1,186,2
4924834,1,182,6
4924835,1,181,1
4924836,1,181,3
4924837,1,181,2
4924838,1,181,4
4924839,1,181,5
4924840,1,676,14
4924841,1,676,12
4924842,1,676,10
4924843,1,676,7
4924844,1,676,8
4924845,1,676,6
4924846,1,676,5
4924847,1,676,4
4924848,1,676,3
4924849,1,676,2
4924850,1,676,1
4924851,1,143,10
4924852,1,118,5
4924853,1,116,7
4924854,1,116,6
4924855,1,116,5
4924856,1,197,10
4924857,1,197,9
4924858,1,197,8
4924859,1,197,7
4924860,1,197,5
4924861,1,197,2
4924862,1,197,1
4924863,1,197,3
4924864,1,143,2
4924865,1,143,8
4924866,1,179,3
4924867,1,179,10
4924868,1,179,13
4924869,1,190,5
4924870,1,190,1
4924871,1,190,8
4924872,1,190,11
4924873,1,180,5
4924874,1,177,8
4924875,1,178,9
4924876,1,177,10
4924877,1,177,6
4924878,1,197,31
4924879,1,197,6
4924880,1,197,4
4924881,1,197,21
4924882,1,190,4
4924883,1,143,6
4924884,1,158,2
4924885,1,159,7
4924886,1,111,4
4924887,1,111,15
4924888,1,159,8
4924889,1,178,5
4924890,1,177,9
4924891,1,177,4
4924892,1,116,8
4924893,1,193,6
4924894,1,676,11
4924895,1,676,9
4924896,1,671,10
4924897,1,671,9
4924898,1,671,8
4924899,1,671,12
4924900,1,177,5
4924901,1,22,1
4924902,1,22,2
4924903,1,50,1
4924904,1,50,2
4924905,1,50,3
4924906,1,50,4
4924907,1,50,5
4924908,1,50,6
4924909,1,50,7
4924910,1,50,8
4924911,1,50,10
4924912,1,105,1
4924913,1,105,2
4924914,1,107,1
4924915,1,107,2
4924916,1,107,3
4924917,1,107,4
4924918,1,107,5
4924919,1,107,6
4924920,1,107,7
4924921,1,107,8
4924922,1,107,9
4924923,1,107,10
4924924,1,107,11
4924925,1,107,12
4924926,1,107,13
4924927,1,107,14
4924928,1,107,15
4924929,1,107,16
4924930,1,107,17
4924931,1,107,18
4924932,1,118,2
4924933,1,118,3
4924934,1,118,6
4924935,1,119,21
4924936,1,119,22
4924937,1,119,31
4924938,1,119,32
4924939,1,118,4
4924940,1,154,4
4924941,1,154,3
4924942,1,154,1
4924943,1,154,2
4924944,1,156,1
4924945,1,156,2
4924946,1,156,3
4924947,1,156,5
4924948,1,157,1
4924949,1,157,2
4924950,1,157,3
4924951,1,157,4
4924952,1,157,5
4924953,1,157,6
4924954,1,157,7
4924955,1,164,1
4924956,1,164,2
4924957,1,164,3
4924958,1,168,1
4924959,1,168,2
4924960,1,168,3
4924961,1,168,4
4924962,1,166,1
4924963,1,166,2
4924964,1,166,3
4924965,1,166,4
4924966,1,166,5
4924967,1,166,6
4924968,1,166,7
4924969,1,166,8
4924970,1,166,13
4924971,1,166,15
4924972,1,180,14
4924973,1,158,10
4924974,1,158,8
4924975,1,158,9
4924976,1,158,7
4924977,1,158,11
4924978,1,166,9
4924979,1,166,12
4924980,1,166,11
4924981,1,166,10
4924982,1,166,14
4924983,1,676,13
4924984,1,118,1
4924985,1,116,1
4924986,1,116,2
4924987,1,116,3
4924988,1,116,4
4924989,1,183,2
4924990,1,183,7
4924991,1,190,12
4924992,1,150,2
4924993,1,150,1
4924994,1,101,1
4924995,1,150,3
4924996,1,102,1
4924997,1,101,2
4924998,1,101,3
4924999,1,150,5
4925000,1,150,21
4925001,1,101,4
4925002,1,102,2
4925003,1,101,12
4925004,1,101,21
4925005,1,150,4
4925006,1,150,20
4925007,1,150,7
4925008,1,150,17
4925009,1,101,5
4925010,1,150,18
4925011,1,101,14
4925012,1,150,8
4925013,1,101,10
4925014,1,102,3
4925015,1,150,19
4925016,1,150,10
4925017,1,150,16
4925018,1,150,9
4925019,1,101,6
4925020,1,150,11
4925021,1,150,12
4925022,1,101,7
4925023,1,101,16
4925024,1,150,13
4925025,1,101,8
4925026,1,102,5
4925027,1,101,15
4925028,1,150,23
4925029,1,101,18
4925030,1,102,6
4925031,1,101,20
4925032,1,150,22
4925033,1,101,17
4925034,1,50,9
4925035,1,50,11
4925036,1,101,11
4925037,1,156,4
4925038,1,156,6
4925039,1,156,7
4925040,1,180,6
4925041,1,180,9
4925042,1,181,7
4925043,1,181,6
4925044,1,676,15
4925045,1,676,18
4925046,1,676,17
4925047,1,676,16
4925048,1,179,6
4925049,1,101,9
4925050,1,178,10
4925051,1,178,11
4925052,1,181,8
4925053,1,168,5
4925054,1,150,15
4925055,1,150,6
4925056,1,101,13
4925057,1,150,14
4925058,1,102,4
4925059,1,101,19
4925060,1,179,7
4925061,1,671,1
4925062,1,671,2
4925063,1,671,3
4925064,1,671,4
4925065,1,671,5
4925066,1,671,6
4925067,1,671,7
4925068,1,671,9
4925069,1,671,8
4925070,1,671,10
4925071,1,671,11
4925072,1,22,1
4925073,1,50,1
4925074,1,50,2
4925075,1,50,3
4925076,1,50,4
4925077,1,50,5
4925078,1,105,1
4925079,1,105,2
4925080,1,107,1
4925081,1,107,2
4925082,1,107,3
4925083,1,107,4
4925084,1,107,5
4925085,1,107,6
4925086,1,107,7
4925087,1,118,1
4925088,1,156,1
4925089,1,156,2
4925090,1,183,1
4925091,1,183,2
4925092,1,183,3
4925093,1,166,1
4925094,1,166,2
4925095,1,166,3
4925096,1,166,4
4925097,1,166,5
4925098,1,166,6
4925099,1,166,7
4925100,1,166,8
4925101,1,168,2
4925102,1,168,1
4925103,1,180,1
4925104,1,180,2
4925105,1,180,3
4925106,1,180,4
4925107,1,180,5
4925108,1,180,6
4925109,1,180,7
4925110,1,180,8
4925111,1,180,9
4925112,1,181,1
4925113,1,181,2
4925114,1,181,3
4925115,1,181,4
4925116,1,181,5
4925117,1,182,2
4925118,1,182,1
4925119,1,676,1
4925120,1,676,2
4925121,1,676,3
4925122,1,676,4
4925123,1,676,5
4925124,1,676,6
4925125,1,676,7
4925126,1,676,9
4925127,1,676,8
4925128,1,101,4
4925129,1,150,2
4925130,1,150,4
4925131,1,150,5
4925132,1,101,1
4925133,1,101,2
4925134,1,101,3
4925135,1,150,1
4925136,1,150,6
4925137,1,150,8
4925138,1,150,7
4925139,1,150,3
4925140,1,150,9
4925141,1,101,5
4925142,1,150,10
4925143,1,150,11
4925144,1,101,6
4925145,1,107,1
4925146,1,107,2
4925147,1,107,3
4925148,1,107,4
4925149,1,107,5
4925150,1,107,6
4925151,1,107,7
4925152,1,50,1
4925153,1,50,2
4925154,1,22,1
4925155,1,105,1
4925156,1,676,1
4925157,1,169,4
4925158,1,676,2
4925159,1,676,3
4925160,1,676,4
4925161,1,676,5
4925162,1,676,6
4925163,1,676,7
4925164,1,676,8
4925165,1,676,9
4925166,1,168,1
4925167,1,168,3
4925168,1,168,2
4925169,1,168,4
4925170,1,169,1
4925171,1,169,2
4925172,1,169,3
4925173,1,156,1
4925174,1,156,2
4925175,1,180,1
4925176,1,180,2
4925177,1,180,3
4925178,1,180,4
4925179,1,180,5
4925180,1,180,6
4925181,1,180,7
4925182,1,182,1
4925183,1,182,2
4925184,1,181,1
4925185,1,181,2
4925186,1,181,4
4925187,1,181,3
4925188,1,181,5
4925189,1,118,1
4925190,1,180,8
4925191,1,180,9
4925192,1,671,1
4925193,1,671,2
4925194,1,671,3
4925195,1,671,4
4925196,1,671,5
4925197,1,671,6
4925198,1,671,7
4925199,1,671,8
4925200,1,671,9
4925201,1,671,10
4925202,1,671,11
4925203,1,50,4
4925204,1,50,3
4925205,1,50,5
4925206,1,150,2
4925207,1,150,1
4925208,1,101,5
4925209,1,101,4
4925210,1,101,2
4925211,1,150,11
4925212,1,150,5
4925213,1,150,4
4925214,1,150,3
4925215,1,101,1
4925216,1,101,3
4925217,1,101,6
4925218,1,150,7
4925219,1,150,6
4925220,1,150,8
4925221,1,150,9
4925222,1,150,10
4925444,1,120,27
4925445,1,120,2
4925457,1,120,14
4925474,1,10,1
4925475,1,10,10
4925476,1,10,2
4925477,1,10,3
4925478,1,10,4
4925479,1,10,5
4925480,1,10,6
4925481,1,10,7
4925482,1,10,8
4925483,1,10,9
4925525,1,44,5
4925526,1,44,9
4925528,1,44,12
4925529,1,44,19
4925530,1,44,2
4925531,1,44,3
4925532,1,44,4
4925533,1,44,6
4925534,1,44,7
4925535,1,44,8
4925536,1,44,11
4925537,1,44,13
4925538,1,44,14
4925539,1,44,15
4925541,1,44,17
4925542,1,44,18
4925543,1,44,20
4925583,1,70,4
4925629,1,70,22
4925656,1,44,1
4925657,1,44,2
4925658,1,44,3
4925659,1,44,4
4925660,1,44,5
4925661,1,44,6
4925662,1,44,7
4925663,1,44,8
4925664,1,44,9
4925697,1,10,1
4925698,1,10,2
4925699,1,10,3
4925700,1,10,4
4925754,1,44,2
4925755,1,44,3
4925756,1,44,4
4925757,1,44,5
4925758,1,44,6
4925759,1,44,7
4925760,1,44,1
4925777,1,10,1
4925778,1,10,2
4925779,1,10,3
4925780,1,10,4
4925815,1,634,1
4925816,1,634,2
4925817,1,634,3
4925818,1,634,4
4925819,1,634,1
4925820,1,634,2
4925821,1,634,3
4925822,1,634,4
4926549,1,8,1
4926550,1,8,2
4926551,1,8,3
4926552,1,8,4
4926553,1,8,5
4926554,1,8,6
4926555,1,8,7
4926556,1,8,8
4926557,1,8,9
4926558,1,8,10
4926559,1,8,11
4926560,1,8,12
4926561,1,8,13
4926562,1,8,14
4926563,1,8,15
4926564,1,8,16
4926600,1,8,1
4926601,1,8,2
4926602,1,8,3
4926603,1,8,4
4926604,1,8,5
4926605,1,8,6
4926606,1,8,7
4926607,1,8,8
4926608,1,8,9
4926632,1,8,10
4926759,1,8,1
4926760,1,8,3
4926761,1,8,4
4926762,1,8,5
4926763,1,8,6
4926764,1,8,7
4926771,1,8,2
4929915,1,214,8
4929916,1,214,1
4929921,1,214,3
4929922,1,214,5
4929923,1,40,11
4929925,1,40,13
4932385,1,190,9
4932386,1,111,2
4932387,1,183,3
4932388,1,182,3
4932389,1,111,6
4932390,1,143,9
4932391,1,143,4
4932392,1,179,4
4932393,1,179,5
4932394,1,159,2
4932395,1,183,1
4932396,1,186,3
4932397,1,111,5
4932398,1,111,14
4932399,1,192,1
4932400,1,143,3
4932401,1,159,4
4932402,1,111,11
4932403,1,159,5
4932404,1,111,13
4932405,1,182,2
4932406,1,179,2
4932407,1,177,2
4932408,1,111,10
4932409,1,952,8
4932410,1,186,1
4932411,1,952,6
4932412,1,183,5
4932413,1,179,1
4932414,1,143,7
4932415,1,158,3
4932416,1,159,1
4932417,1,190,10
4932418,1,177,1
4932419,1,159,3
4932420,1,177,7
4932421,1,158,4
4932422,1,952,3
4932423,1,952,7
4932424,1,158,5
4932425,1,190,2
4932426,1,111,1
4932427,1,182,1
4932428,1,183,6
4932429,1,183,4
4932430,1,192,7
4932431,1,111,3
4932432,1,143,11
4932433,1,192,4
4932434,1,190,3
4932435,1,143,1
4932436,1,952,2
4932437,1,143,5
4932438,1,190,6
4932439,1,158,1
4932440,1,190,7
4932441,1,952,1
4932442,1,111,7
4932443,1,111,8
4932444,1,952,4
4932445,1,952,5
4932446,1,177,3
4932447,1,192,2
4932448,1,192,3
4932449,1,182,5
4932450,1,182,4
4932451,1,671,17
4932452,1,671,16
4932453,1,671,15
4932454,1,671,14
4932455,1,671,13
4932456,1,671,11
4932457,1,671,7
4932458,1,671,6
4932459,1,671,5
4932460,1,671,4
4932461,1,671,3
4932462,1,671,2
4932463,1,671,1
4932464,1,671,18
4932465,1,193,10
4932466,1,193,9
4932467,1,193,8
4932468,1,193,7
4932469,1,193,5
4932470,1,193,4
4932471,1,193,3
4932472,1,193,2
4932473,1,193,1
4932474,1,180,13
4932475,1,180,12
4932476,1,180,11
4932477,1,180,10
4932478,1,180,8
4932479,1,180,7
4932480,1,180,4
4932481,1,180,3
4932482,1,180,1
4932483,1,180,2
4932484,1,178,2
4932485,1,178,4
4932486,1,178,3
4932487,1,178,1
4932488,1,178,8
4932489,1,178,7
4932490,1,178,6
4932491,1,192,6
4932492,1,192,5
4932493,1,186,4
4932494,1,111,12
4932495,1,159,6
4932496,1,111,9
4932497,1,179,8
4932498,1,158,6
4932499,1,179,9
4932500,1,179,11
4932501,1,179,12
4932502,1,186,2
4932503,1,182,6
4932504,1,181,1
4932505,1,181,3
4932506,1,181,2
4932507,1,181,4
4932508,1,181,5
4932509,1,676,14
4932510,1,676,12
4932511,1,676,10
4932512,1,676,7
4932513,1,676,8
4932514,1,676,6
4932515,1,676,5
4932516,1,676,4
4932517,1,676,3
4932518,1,676,2
4932519,1,676,1
4932520,1,143,10
4932521,1,118,5
4932522,1,116,7
4932523,1,116,6
4932524,1,116,5
4932525,1,197,10
4932526,1,197,9
4932527,1,197,8
4932528,1,197,7
4932529,1,197,5
4932530,1,197,2
4932531,1,197,1
4932532,1,197,3
4932533,1,143,2
4932534,1,143,8
4932535,1,179,3
4932536,1,179,10
4932537,1,179,13
4932538,1,190,5
4932539,1,190,1
4932540,1,190,8
4932541,1,190,11
4932542,1,180,5
4932543,1,177,8
4932544,1,178,9
4932545,1,177,10
4932546,1,177,6
4932547,1,197,6
4932548,1,197,4
4932549,1,190,4
4932550,1,143,6
4932551,1,158,2
4932552,1,159,7
4932553,1,111,4
4932554,1,111,15
4932555,1,159,8
4932556,1,178,5
4932557,1,177,9
4932558,1,177,4
4932559,1,116,8
4932560,1,193,6
4932561,1,676,11
4932562,1,676,9
4932563,1,671,10
4932564,1,671,9
4932565,1,671,8
4932566,1,671,12
4932567,1,177,5
4932568,1,22,1
4932569,1,22,2
4932570,1,50,1
4932571,1,50,2
4932572,1,50,3
4932573,1,50,4
4932574,1,50,5
4932575,1,50,6
4932576,1,50,7
4932577,1,50,8
4932578,1,50,10
4932579,1,105,1
4932580,1,105,2
4932581,1,107,1
4932582,1,107,2
4932583,1,107,3
4932584,1,107,4
4932585,1,107,5
4932586,1,107,6
4932587,1,107,7
4932588,1,107,8
4932589,1,107,9
4932590,1,107,10
4932591,1,107,11
4932592,1,107,12
4932593,1,107,13
4932594,1,107,14
4932595,1,107,15
4932596,1,107,16
4932597,1,107,17
4932598,1,107,18
4932599,1,118,2
4932600,1,118,3
4932601,1,118,6
4932602,1,119,21
4932603,1,119,22
4932604,1,119,31
4932605,1,119,32
4932606,1,118,4
4932607,1,154,4
4932608,1,154,3
4932609,1,154,1
4932610,1,154,2
4932611,1,156,1
4932612,1,156,2
4932613,1,156,3
4932614,1,156,5
4932615,1,157,1
4932616,1,157,2
4932617,1,157,3
4932618,1,157,4
4932619,1,157,5
4932620,1,157,6
4932621,1,157,7
4932622,1,164,1
4932623,1,164,2
4932624,1,164,3
4932625,1,168,1
4932626,1,168,2
4932627,1,168,3
4932628,1,168,4
4932629,1,166,1
4932630,1,166,2
4932631,1,166,3
4932632,1,166,4
4932633,1,166,5
4932634,1,166,6
4932635,1,166,7
4932636,1,166,8
4932637,1,166,13
4932638,1,166,15
4932639,1,180,14
4932640,1,158,10
4932641,1,158,8
4932642,1,158,9
4932643,1,158,7
4932644,1,166,9
4932645,1,166,12
4932646,1,166,11
4932647,1,166,10
4932648,1,166,14
4932649,1,676,13
4932650,1,118,1
4932651,1,116,1
4932652,1,116,2
4932653,1,116,3
4932654,1,116,4
4932655,1,183,2
4932656,1,183,7
4932657,1,190,12
4932658,1,50,9
4932659,1,50,11
4932660,1,156,4
4932661,1,156,6
4932662,1,156,7
4932663,1,180,6
4932664,1,180,9
4932665,1,181,7
4932666,1,181,6
4932667,1,676,15
4932668,1,676,18
4932669,1,676,17
4932670,1,676,16
4932671,1,179,6
4932672,1,178,10
4932673,1,178,11
4932674,1,181,8
4932675,1,168,5
4932676,1,179,7
4932677,1,150,1
4932678,1,101,1
4932679,1,101,14
4932680,1,101,2
4932681,1,101,3
4932682,1,150,3
4932683,1,150,2
4932684,1,101,5
4932685,1,150,4
4932686,1,150,6
4932687,1,101,4
4932688,1,101,7
4932689,1,101,16
4932690,1,150,5
4932691,1,101,6
4932692,1,150,8
4932693,1,150,7
4932694,1,102,1
4932695,1,102,3
4932696,1,150,10
4932697,1,150,9
4932698,1,150,11
4932699,1,101,8
4932700,1,150,15
4932701,1,102,2
4932702,1,101,9
4932703,1,101,15
4932704,1,101,10
4932705,1,150,12
4932706,1,102,4
4932707,1,101,12
4932708,1,101,11
4932709,1,150,13
4932710,1,101,13
4932711,1,102,7
4932712,1,150,16
4932713,1,150,17
4932714,1,101,17
4932715,1,102,6
4932716,1,150,14
4932717,1,150,19
4932718,1,150,18
4932719,1,102,5
4932721,1,107,1
4932722,1,107,2
4932723,1,107,3
4932724,1,107,4
4932725,1,107,5
4932726,1,107,6
4932727,1,107,7
4932728,1,50,1
4932729,1,50,2
4932730,1,22,1
4932731,1,105,1
4932732,1,676,1
4932733,1,169,4
4932734,1,676,2
4932735,1,676,3
4932736,1,676,4
4932737,1,676,5
4932738,1,676,6
4932739,1,676,7
4932740,1,676,8
4932741,1,676,9
4932742,1,168,1
4932743,1,168,3
4932744,1,168,2
4932745,1,168,4
4932746,1,169,1
4932747,1,169,2
4932748,1,169,3
4932749,1,156,1
4932750,1,156,2
4932751,1,180,1
4932752,1,180,2
4932753,1,180,3
4932754,1,180,4
4932755,1,180,5
4932756,1,180,6
4932757,1,180,7
4932758,1,182,1
4932759,1,182,2
4932760,1,181,1
4932761,1,181,2
4932762,1,181,4
4932763,1,181,3
4932764,1,181,5
4932765,1,118,1
4932766,1,180,8
4932767,1,180,9
4932768,1,671,1
4932769,1,671,2
4932770,1,671,3
4932771,1,671,4
4932772,1,671,5
4932773,1,671,6
4932774,1,671,7
4932775,1,671,8
4932776,1,671,9
4932777,1,671,10
4932778,1,671,11
4932779,1,50,4
4932780,1,50,3
4932781,1,50,5
4932782,1,150,1
4932783,1,150,9
4932784,1,101,1
4932785,1,150,2
4932786,1,101,5
4932787,1,150,3
4932788,1,150,4
4932789,1,101,2
4932790,1,101,3
4932791,1,150,5
4932792,1,150,6
4932793,1,101,4
4932794,1,150,7
4932795,1,150,8
4932796,1,150,12
4932797,1,150,11
4932798,1,101,6
4932799,1,150,10
4932801,1,671,1
4932802,1,671,2
4932803,1,671,3
4932804,1,671,4
4932805,1,671,5
4932806,1,671,6
4932807,1,671,7
4932808,1,671,9
4932809,1,671,8
4932810,1,671,10
4932811,1,671,11
4932812,1,22,1
4932813,1,50,1
4932814,1,50,2
4932815,1,50,3
4932816,1,50,4
4932817,1,50,5
4932818,1,105,1
4932819,1,105,2
4932820,1,107,1
4932821,1,107,2
4932822,1,107,3
4932823,1,107,4
4932824,1,107,5
4932825,1,107,6
4932826,1,107,7
4932827,1,118,1
4932828,1,156,1
4932829,1,156,2
4932830,1,183,1
4932831,1,183,2
4932832,1,183,3
4932833,1,166,1
4932834,1,166,2
4932835,1,166,3
4932836,1,166,4
4932837,1,166,5
4932838,1,166,6
4932839,1,166,7
4932840,1,166,8
4932841,1,168,2
4932842,1,168,1
4932843,1,180,1
4932844,1,180,2
4932845,1,180,3
4932846,1,180,4
4932847,1,180,5
4932848,1,180,6
4932849,1,180,7
4932850,1,180,8
4932851,1,180,9
4932852,1,181,1
4932853,1,181,2
4932854,1,181,3
4932855,1,181,4
4932856,1,181,5
4932857,1,182,2
4932858,1,182,1
4932859,1,676,1
4932860,1,676,2
4932861,1,676,3
4932862,1,676,4
4932863,1,676,5
4932864,1,676,6
4932865,1,676,7
4932866,1,676,9
4932867,1,676,8
4932868,1,150,1
4932869,1,150,2
4932870,1,150,5
4932871,1,150,3
4932872,1,150,4
4932873,1,150,7
4932874,1,150,6
4932875,1,101,1
4932876,1,101,3
4932877,1,101,2
4932878,1,101,4
4932879,1,150,8
4932880,1,101,6
4932881,1,101,5
4932882,1,150,9
4932883,1,150,11
4932884,1,150,12
4932885,1,150,10
4932886,1,101,7
4934473,1,40,44
4934549,1,973,2
4934549,2,973,2
